1.000000000000000000e+00 1.000000000000000000e+00 5.000000000000000278e-02
6.669938872163269084e-01 -5.788384410076005682e-02 3.544434015200823018e-01
5.567210029186266951e-01 -8.945930384839668736e-01 5.250000000000000222e-01
3.432789970813733271e-01 -1.105406961516033126e+00 5.250000000000000222e-01
2.389358432905727136e-01 -1.445066634871991829e+00 5.368880623180647405e-01
3.693142974722637417e-01 -1.713260642414864421e+00 6.724328747237928727e-01
8.945080871199384553e-01 -1.656637030701841651e+00 1.000000000000000000e+00
1.105491912880061545e+00 -1.443362969298158438e+00 1.000000000000000000e+00
0.000000000000000000e+00 3.499999999999999778e-01 5.250000000000000222e-01
0.000000000000000000e+00 6.500000000000000222e-01 5.250000000000000222e-01
-3.516883003856843826e-01 6.636470306712777267e-01 5.760981780371469130e-01
-5.381649859520984958e-01 5.083455067236479774e-01 7.118766102132875195e-01
-6.991206670199539008e-01 2.192341317706452131e-01 8.383832808714897222e-01
-8.322365920521973548e-01 5.946375097643719077e-02 9.215087714434999633e-01
-4.997611020625269962e-01 -3.500001902408690357e-01 1.000000000000000000e+00
-5.002388979374730038e-01 -6.499998097591309643e-01 1.000000000000000000e+00
-3.036084644495560814e-01 -1.143329755324749009e+00 7.693824096177172001e-01
0.000000000000000000e+00 -2.000000000000000000e+00 5.000000000000000000e-01
