0, 1, 1, 0.05
0.1, 0.999998, 0.999996, 0.0500012
0.2, 0.999953, 0.999891, 0.0500335
0.3, 0.999685, 0.999269, 0.0502247
0.4, 0.998836, 0.997282, 0.0508337
0.5, 0.996898, 0.992701, 0.0522349
0.6, 0.99328, 0.984057, 0.0548727
0.7, 0.987395, 0.969816, 0.0592062
0.8, 0.978736, 0.948561, 0.0656539
0.9, 0.966945, 0.919135, 0.0745484
1, 0.951853, 0.880746, 0.0861051
1.1, 0.933496, 0.833018, 0.100407
1.2, 0.912111, 0.775999, 0.117403
1.3, 0.888113, 0.71013, 0.136922
1.4, 0.862054, 0.636179, 0.158689
1.5, 0.834577, 0.55517, 0.182354
1.6, 0.806377, 0.468308, 0.207518
1.7, 0.778156, 0.376914, 0.233747
1.8, 0.750596, 0.282373, 0.260598
1.9, 0.724339, 0.186114, 0.287621
2, 0.699973, 0.0895878, 0.314366
2.1, 0.678023, -0.00574858, 0.340394
2.2, 0.658921, -0.0984888, 0.365287
2.3, 0.64296, -0.187385, 0.388686
2.4, 0.630259, -0.271427, 0.410316
2.5, 0.620781, -0.349833, 0.429974
2.6, 0.614338, -0.422038, 0.447534
2.7, 0.610614, -0.487694, 0.462935
2.8, 0.609175, -0.546667, 0.476185
2.9, 0.609488, -0.59903, 0.487351
3, 0.610941, -0.64505, 0.496557
3.1, 0.612873, -0.685165, 0.503969
3.2, 0.614601, -0.719957, 0.509792
3.3, 0.615448, -0.75012, 0.514248
3.4, 0.614779, -0.776417, 0.517572
3.5, 0.612029, -0.79965, 0.519992
3.6, 0.606725, -0.820619, 0.521722
3.7, 0.598514, -0.840097, 0.522951
3.8, 0.587175, -0.858803, 0.523839
3.9, 0.572632, -0.877381, 0.524508
4, 0.554953, -0.896388, 0.525046
4.1, 0.534358, -0.916278, 0.5255
4.2, 0.511207, -0.937387, 0.525883
4.3, 0.485979, -0.959943, 0.526179
4.4, 0.459255, -0.984076, 0.526355
4.5, 0.431678, -1.00983, 0.52637
4.6, 0.40393, -1.03717, 0.526189
4.7, 0.376692, -1.06602, 0.525797
4.8, 0.350618, -1.09628, 0.525205
4.9, 0.326301, -1.12782, 0.524463
5, 0.304257, -1.16051, 0.523661
5.1, 0.284905, -1.19421, 0.522933
5.2, 0.268562, -1.2288, 0.522451
5.3, 0.255438, -1.26414, 0.52242
5.4, 0.245647, -1.3001, 0.523069
5.5, 0.239208, -1.33652, 0.524636
5.6, 0.236065, -1.37324, 0.527361
5.7, 0.236094, -1.41003, 0.531472
5.8, 0.239128, -1.44665, 0.537172
5.9, 0.244965, -1.48282, 0.544628
6, 0.253391, -1.51822, 0.55397
6.1, 0.264191, -1.55248, 0.565276
6.2, 0.277163, -1.58522, 0.578577
6.3, 0.29213, -1.61608, 0.593855
6.4, 0.308946, -1.64466, 0.611042
6.5, 0.327504, -1.67062, 0.630027
6.6, 0.347739, -1.69366, 0.650658
6.7, 0.369629, -1.71351, 0.672748
6.8, 0.393188, -1.73, 0.69608
6.9, 0.418465, -1.74302, 0.720414
7, 0.445533, -1.75252, 0.745489
7.1, 0.474471, -1.75856, 0.771031
7.2, 0.505355, -1.76125, 0.796757
7.3, 0.538241, -1.76074, 0.822376
7.4, 0.573145, -1.75727, 0.847597
7.5, 0.610028, -1.75108, 0.87213
7.6, 0.64878, -1.74245, 0.895693
7.7, 0.689207, -1.73165, 0.918008
7.8, 0.731017, -1.71893, 0.938811
7.9, 0.773813, -1.70454, 0.957854
8, 0.817091, -1.68867, 0.974904
8.1, 0.860234, -1.67146, 0.989748
8.2, 0.902524, -1.653, 1.0022
8.3, 0.943153, -1.63329, 1.01208
8.4, 0.981241, -1.6123, 1.01927
8.5, 1.01586, -1.58991, 1.02366
8.6, 1.04608, -1.56597, 1.02517
8.7, 1.07097, -1.54025, 1.02377
8.8, 1.08967, -1.51252, 1.01945
8.9, 1.10143, -1.48253, 1.01225
9, 1.10561, -1.44999, 1.00226
9.1, 1.10171, -1.41467, 0.989574
9.2, 1.08944, -1.37633, 0.974361
9.3, 1.0687, -1.33476, 0.956809
9.4, 1.03958, -1.28981, 0.937143
9.5, 1.00239, -1.24136, 0.915618
9.6, 0.957611, -1.18937, 0.892515
9.7, 0.905933, -1.13381, 0.868136
9.8, 0.848199, -1.07476, 0.842799
9.9, 0.7854, -1.01233, 0.816832
10, 0.718645, -0.946691, 0.790567
10.1, 0.64913, -0.878074, 0.764333
10.2, 0.578112, -0.806759, 0.738453
10.3, 0.506871, -0.733079, 0.713233
10.4, 0.436681, -0.657406, 0.68896
10.5, 0.36877, -0.580152, 0.665895
10.6, 0.304295, -0.501758, 0.644268
10.7, 0.244302, -0.422693, 0.624275
10.8, 0.189702, -0.343439, 0.606069
10.9, 0.141241, -0.26449, 0.589764
11, 0.0994752, -0.186344, 0.575426
11.1, 0.0647546, -0.109489, 0.563078
11.2, 0.0372055, -0.0344043, 0.552694
11.3, 0.0167228, 0.0384523, 0.544202
11.4, 0.00296672, 0.10865, 0.537489
11.5, -0.00463315, 0.17579, 0.532402
11.6, -0.00686553, 0.239513, 0.528753
11.7, -0.00471717, 0.299505, 0.526327
11.8, 0.00065682, 0.355499, 0.524893
11.9, 0.00797252, 0.407278, 0.524209
12, 0.0158672, 0.45468, 0.524041
12.1, 0.0229591, 0.497599, 0.524173
12.2, 0.0279131, 0.53598, 0.524425
12.3, 0.0295087, 0.569824, 0.524664
12.4, 0.0267057, 0.59918, 0.52482
12.5, 0.0187026, 0.624146, 0.524894
12.6, 0.00498359, 0.64486, 0.524962
12.7, -0.0146496, 0.661496, 0.525178
12.8, -0.0400663, 0.674254, 0.525763
12.9, -0.0708191, 0.683357, 0.526992
13, -0.106177, 0.689035, 0.529174
13.1, -0.145177, 0.691518, 0.532621
13.2, -0.18669, 0.69103, 0.537626
13.3, -0.229492, 0.687776, 0.544429
13.4, -0.272341, 0.681935, 0.553196
13.5, -0.314056, 0.673659, 0.563993
13.6, -0.353585, 0.663068, 0.576778
13.7, -0.390064, 0.650254, 0.591391
13.8, -0.422866, 0.63528, 0.607564
13.9, -0.451624, 0.618196, 0.624938
14, -0.476248, 0.599045, 0.643095
14.1, -0.49691, 0.577878, 0.66159
14.2, -0.514029, 0.554768, 0.67999
14.3, -0.528238, 0.529821, 0.69791
14.4, -0.540332, 0.503186, 0.715048
14.5, -0.551219, 0.47506, 0.731201
14.6, -0.561853, 0.445689, 0.746283
14.7, -0.573164, 0.415365, 0.76032
14.8, -0.585988, 0.384409, 0.773435
14.9, -0.600995, 0.353165, 0.785823
15, -0.61863, 0.321979, 0.797729
15.1, -0.639058, 0.291181, 0.809407
15.2, -0.662132, 0.261069, 0.821095
15.3, -0.687373, 0.231888, 0.832985
15.4, -0.713982, 0.20382, 0.845197
15.5, -0.740878, 0.176965, 0.85777
15.6, -0.766762, 0.151341, 0.870654
15.7, -0.790218, 0.126875, 0.883727
15.8, -0.809823, 0.103408, 0.896803
15.9, -0.824267, 0.0807009, 0.909661
16, -0.832465, 0.0584438, 0.922067
16.1, -0.833652, 0.0362711, 0.933798
16.2, -0.827451, 0.0137795, 0.944662
16.3, -0.8139, -0.00945089, 0.954515
16.4, -0.793451, -0.0338333, 0.963261
16.5, -0.766938, -0.0597495, 0.970864
16.6, -0.735517, -0.0875258, 0.977339
16.7, -0.700594, -0.11741, 0.982748
16.8, -0.663736, -0.149549, 0.987193
16.9, -0.626574, -0.183975, 0.990801
17, -0.590707, -0.220591, 0.993715
17.1, -0.557606, -0.259165, 0.996079
17.2, -0.528525, -0.29933, 0.998026
17.3, -0.504435, -0.340597, 0.999664
17.4, -0.485962, -0.382368, 1.00107
17.5, -0.473367, -0.423973, 1.00228
17.6, -0.466537, -0.464701, 1.00327
17.7, -0.465018, -0.50386, 1.004
17.8, -0.468058, -0.540821, 1.00436
17.9, -0.47467, -0.575076, 1.0042
18, -0.483705, -0.606292, 1.00335
18.1, -0.493931, -0.63435, 1.00161
18.2, -0.504107, -0.659376, 0.998739
18.3, -0.513053, -0.68176, 0.994521
18.4, -0.519708, -0.702149, 0.988727
18.5, -0.523178, -0.721409, 0.981145
18.6, -0.522759, -0.740596, 0.971591
18.7, -0.517956, -0.760897, 0.959913
18.8, -0.508489, -0.783577, 0.946
18.9, -0.494291, -0.809891, 0.929795
19, -0.475492, -0.841009, 0.911299
19.1, -0.452409, -0.877928, 0.890581
19.2, -0.425516, -0.921404, 0.867781
19.3, -0.395416, -0.971892, 0.843109
19.4, -0.362806, -1.02952, 0.816843
19.5, -0.328447, -1.09404, 0.789321
19.6, -0.293125, -1.16483, 0.760937
19.7, -0.257638, -1.24084, 0.732146
19.8, -0.222756, -1.32063, 0.703443
19.9, -0.18918, -1.40256, 0.675323
20, -0.157515, -1.48488, 0.648257
20.1, -0.128264, -1.56576, 0.622685
20.2, -0.101829, -1.64337, 0.599014
20.3, -0.0785018, -1.71587, 0.577603
20.4, -0.0584686, -1.78158, 0.558753
20.5, -0.0417971, -1.83909, 0.542679
20.6, -0.0284319, -1.88739, 0.529485
20.7, -0.0181915, -1.926, 0.519148
20.8, -0.0107732, -1.95507, 0.511501
20.9, -0.00576884, -1.97538, 0.506241
21, -0.00269504, -1.98825, 0.502953
21.1, -0.00103535, -1.9954, 0.501148
21.2, -0.00029334, -1.99867, 0.500329
21.3, -4.83429e-05, -1.99978, 0.500055
21.4, -2.27552e-06, -1.99999, 0.500003
21.5, -4.39938e-11, -2, 0.5
