1 1 0.2 
0.627868 -0.824322 0.525 
0.45 -1 0.525 
0.272132 -1.17568 0.525 
0.292186 -1.69947 0.704143 
0.411252 -1.72293 0.772211 
0.55705 -1.73595 0.846563 
0.818086 -1.74356 0.963999 
0.82418 -1.72773 1 
1 -1.55 1 
1.17582 -1.37227 1 
0.901076 -0.953342 0.893767 
0.125468 0.0880243 0.577934 
0 0.25 0.525 
0 0.5 0.525 
0 0.75 0.525 
-0.0429994 0.677244 0.953377 
-0.104229 0.389184 0.961424 
-0.268211 -0.161815 0.9406 
-0.315694 -0.233386 0.932318 
-0.499602 -0.25 1 
-0.5 -0.5 1 
-0.500398 -0.75 1 
0 -2 0.5 
